Trim Values and Cost:
cost   = 4.7464e-30
thrust = 2826.8165 lb
elev   = -4.1891 deg
ail    = -1.9926e-15 deg
rud    = 1.2406e-14 deg
alpha  = 10.4511 deg
dLEF   = 0 deg
Vel.   = 300ft/s

For LOFI Model:  
Longitudal Direction:  


A =
   0.000e+00    3.000e+02    0.000e+00   -3.000e+02    0.000e+00    0.000e+00    0.000e+00 
   0.000e+00    0.000e+00    0.000e+00    0.000e+00    1.000e+00    0.000e+00    0.000e+00 
   1.317e-04   -3.217e+01   -2.910e-02    2.130e+00   -2.895e+00    1.544e-03   -4.534e-03 
   3.154e-06    4.550e-13   -6.970e-04   -5.447e-01    9.152e-01   -9.493e-07   -1.116e-03 
  -4.699e-21    0.000e+00    1.038e-18    3.303e-01   -8.169e-01    0.000e+00   -5.702e-02 
   0.000e+00    0.000e+00    0.000e+00    0.000e+00    0.000e+00   -1.000e+00    0.000e+00 
   0.000e+00    0.000e+00    0.000e+00    0.000e+00    0.000e+00    0.000e+00   -2.020e+01 
B =
   0.000e+00    0.000e+00 
   0.000e+00    0.000e+00 
   0.000e+00    0.000e+00 
   0.000e+00    0.000e+00 
   0.000e+00    0.000e+00 
   1.000e+00    0.000e+00 
   0.000e+00    2.020e+01 
C =
   1.000e+00    0.000e+00    0.000e+00    0.000e+00    0.000e+00    0.000e+00    0.000e+00 
   0.000e+00    5.730e+01    0.000e+00    0.000e+00    0.000e+00    0.000e+00    0.000e+00 
   0.000e+00    0.000e+00    1.000e+00    0.000e+00    0.000e+00    0.000e+00    0.000e+00 
   0.000e+00    0.000e+00    0.000e+00    5.730e+01    0.000e+00    0.000e+00    0.000e+00 
   0.000e+00    0.000e+00    0.000e+00    0.000e+00    5.730e+01    0.000e+00    0.000e+00 
D =
   0.000e+00    0.000e+00 
   0.000e+00    0.000e+00 
   0.000e+00    0.000e+00 
   0.000e+00    0.000e+00 
   0.000e+00    0.000e+00 